0.000000000000000000e+00 1.000000000000000000e+00 1.216188388897623551e-17 5.000000000000000000e+02
2.564102564102564014e-02 9.987211520455773206e-01 3.498966864799797258e-05 5.000000000000000000e+02
5.128205128205128027e-02 9.948531578077641768e-01 1.344871954435371969e-04 5.000000000000000000e+02
7.692307692307692735e-02 9.884665549727865708e-01 2.821751207724826327e-04 5.000000000000000000e+02
1.025641025641025605e-01 9.795507032670331959e-01 4.970310911222169687e-04 5.000000000000000000e+02
1.282051282051281937e-01 9.681314681147695778e-01 8.175919603696425340e-04 5.000000000000000000e+02
1.538461538461538547e-01 9.542576604923805883e-01 1.160700414657701591e-03 5.000000000000000000e+02
1.794871794871794879e-01 9.380945648370772050e-01 1.453376345843679579e-03 5.000000000000000000e+02
2.051282051282051211e-01 9.196390043885399601e-01 2.002218676542817048e-03 5.000000000000000000e+02
2.307692307692307543e-01 8.986905272475133044e-01 2.298537470643126704e-03 5.000000000000000000e+02
2.564102564102563875e-01 8.762137557905681495e-01 3.050970694698750853e-03 5.000000000000000000e+02
2.820512820512820484e-01 8.511291264901410525e-01 3.595601589325932157e-03 5.000000000000000000e+02
3.076923076923077094e-01 8.247204957401980119e-01 4.020640530180369897e-03 5.000000000000000000e+02
3.333333333333333148e-01 7.959057409237418890e-01 4.532751876069221302e-03 5.000000000000000000e+02
3.589743589743589758e-01 7.656069975519149695e-01 5.313502807584773689e-03 5.000000000000000000e+02
3.846153846153845812e-01 7.327167470523905379e-01 6.004408843642367044e-03 5.000000000000000000e+02
4.102564102564102422e-01 6.996277467330672684e-01 6.797768823794899523e-03 5.000000000000000000e+02
4.358974358974359031e-01 6.647450241230283829e-01 7.361269812724781716e-03 5.000000000000000000e+02
4.615384615384615086e-01 6.264465258478655318e-01 8.456755673200184661e-03 5.000000000000000000e+02
4.871794871794871695e-01 5.883159109614091165e-01 9.069147380746257064e-03 5.000000000000000000e+02
5.128205128205127750e-01 5.456665187142584195e-01 9.983768104047980804e-03 5.000000000000000000e+02
5.384615384615384359e-01 5.022621015255570587e-01 1.186841416820630206e-02 5.000000000000000000e+02
5.641025641025640969e-01 4.509808996272144932e-01 1.370598418950531340e-02 5.000000000000000000e+02
5.897435897435897578e-01 3.940216682198479092e-01 1.519480937406347473e-02 5.000000000000000000e+02
5.999999999999999778e-01 3.686674753125983028e-01 1.710669410053805573e-02 5.000000000000000000e+02
6.105263157894736947e-01 3.431643278734528013e-01 1.811127518260620059e-02 5.000000000000000000e+02
6.153846153846154188e-01 3.279369526848797678e-01 1.681067118456221546e-02 5.000000000000000000e+02
6.210526315789473006e-01 3.077883278905428344e-01 1.928444133795184645e-02 5.000000000000000000e+02
6.315789473684210176e-01 2.695921518781366766e-01 2.274471427816335614e-02 5.000000000000000000e+02
6.410256410256409687e-01 2.363974474896886335e-01 2.741787193248764951e-02 5.000000000000000000e+02
6.421052631578947345e-01 2.337853619084271362e-01 2.519383868194402173e-02 5.000000000000000000e+02
6.526315789473684514e-01 1.697765616895782759e-01 3.764547391293956990e-02 5.000000000000000000e+02
6.631578947368420573e-01 1.167712007910009231e-01 3.925467909064667832e-02 5.000000000000000000e+02
6.666666666666666297e-01 9.855935495486112252e-02 3.690720584946850791e-02 5.000000000000000000e+02
6.736842105263157743e-01 7.562798062386918985e-02 3.722058562870832893e-02 5.000000000000000000e+02
6.842105263157894912e-01 5.658154645623512946e-02 2.721921703747269897e-02 5.000000000000000000e+02
6.923076923076922906e-01 4.694296906648512402e-02 2.262013547542302341e-02 5.000000000000000000e+02
6.947368421052632081e-01 4.328730977939294206e-02 2.199826046764476184e-02 5.000000000000000000e+02
7.052631578947368141e-01 3.407068920761990860e-02 1.938212630924182958e-02 5.000000000000000000e+02
7.157894736842105310e-01 3.758317194171862524e-02 2.030835035956241388e-02 5.000000000000000000e+02
7.179487179487179516e-01 3.237859581846914969e-02 1.695181898497839790e-02 5.000000000000000000e+02
7.263157894736842479e-01 3.168944392714271446e-02 1.733483178506454309e-02 5.000000000000000000e+02
7.368421052631579649e-01 2.949805235445292911e-02 1.558201127655202758e-02 5.000000000000000000e+02
7.435897435897436125e-01 2.866230535409594951e-02 1.487855915307228181e-02 5.000000000000000000e+02
7.473684210526315708e-01 2.805993507641835194e-02 1.516415728136090608e-02 5.000000000000000000e+02
7.578947368421052877e-01 2.548683377258787602e-02 1.344604778985078637e-02 5.000000000000000000e+02
7.684210526315790046e-01 2.724419780765380966e-02 1.455354966208185184e-02 5.000000000000000000e+02
7.692307692307691624e-01 2.558665937003615221e-02 1.312649855977857452e-02 5.000000000000000000e+02
7.789473684210526105e-01 2.564206095185580375e-02 1.381694159960822864e-02 5.000000000000000000e+02
7.894736842105263275e-01 2.391087116340626442e-02 1.226594229167507662e-02 5.000000000000000000e+02
7.948717948717948234e-01 2.375450164904749015e-02 1.303404769559451254e-02 5.000000000000000000e+02
8.000000000000000444e-01 2.443492904633433327e-02 1.245086065370119496e-02 5.000000000000000000e+02
8.205128205128204844e-01 2.286413915086416351e-02 1.111039161223096455e-02 5.000000000000000000e+02
8.461538461538461453e-01 2.185114165625305985e-02 1.127277373547143878e-02 5.000000000000000000e+02
8.717948717948718063e-01 2.030141647220955886e-02 1.069482873061970533e-02 5.000000000000000000e+02
8.974358974358973562e-01 2.053204004513732236e-02 1.027826724957657013e-02 5.000000000000000000e+02
9.230769230769230171e-01 1.984427082828026795e-02 1.038493150423989986e-02 5.000000000000000000e+02
9.487179487179486781e-01 1.960542737207809569e-02 1.089562332883213525e-02 5.000000000000000000e+02
9.743589743589743390e-01 1.985717037411336566e-02 1.031107842658500647e-02 5.000000000000000000e+02
1.000000000000000000e+00 2.027245796619197779e-02 9.976838442977854077e-03 5.000000000000000000e+02
