0.0 1.0 0.0 0.0 0.0
0.0205128205128 0.999873497946 1.48860496704e-07 2.21372880315e-11 7.00042513986e-13
0.0410256410256 0.999501830545 4.44844317937e-07 1.97688580734e-10 6.25146182525e-12
0.0615384615385 0.99886840741 9.62143476987e-07 9.24794350239e-10 2.92445651401e-11
0.0820512820513 0.997988006228 1.69241484124e-06 2.86140372685e-09 9.04855308214e-11
0.102564102564 0.99684653994 2.43662874121e-06 5.93122246286e-09 1.87561722918e-10
0.123076923077 0.995446925951 3.4516158226e-06 1.1901738135e-08 3.76366006216e-10
0.14358974359 0.993758380679 4.65716944517e-06 2.16675380138e-08 6.85187714119e-10
0.164102564103 0.991818259648 6.00478771647e-06 3.60214180443e-08 1.13909725569e-09
0.184615384615 0.989567970577 7.79569870163e-06 6.07121453284e-08 1.91988660873e-09
0.205128205128 0.987077807961 9.50629346444e-06 9.02792458166e-08 2.85488042223e-09
0.225641025641 0.984274639378 1.2058881494e-05 1.45271206263e-07 4.59387890232e-09
0.246153846154 0.981077504072 1.45698135618e-05 2.12067187758e-07 6.70615330302e-09
0.266666666667 0.977638586814 1.64098615232e-05 2.69014271654e-07 8.50697821517e-09
0.287179487179 0.973795851262 1.87923511975e-05 3.52799311065e-07 1.1156493799e-08
0.307692307692 0.969730277073 2.24701933235e-05 5.04404678407e-07 1.59506764621e-08
0.328205128205 0.965157922713 2.46847941867e-05 6.08729724973e-07 1.92497241036e-08
0.348717948718 0.960149646081 2.98082083372e-05 8.8764075499e-07 2.80696652976e-08
0.369230769231 0.954870263936 3.12057346471e-05 9.7282407699e-07 3.07633984594e-08
0.389743589744 0.948868956987 3.72715850932e-05 1.38778188431e-06 4.38855164993e-08
0.410256410256 0.942469889642 4.05230732485e-05 1.64047734603e-06 5.18764486338e-08
0.430769230769 0.935487753803 4.59399505722e-05 2.10836857952e-06 6.66724685841e-08
0.451282051282 0.927891777688 5.24317849695e-05 2.74634298302e-06 8.68469906236e-08
0.471794871795 0.919459721516 5.77238875531e-05 3.32871514705e-06 1.05263215466e-07
0.492307692308 0.910258190379 6.61092066671e-05 4.36605677895e-06 1.38066838151e-07
0.512820512821 0.899824684029 7.39836982343e-05 5.46811401682e-06 1.72916947987e-07
0.533333333333 0.888433876347 7.90562027716e-05 6.24363331346e-06 1.97441021455e-07
0.553846153846 0.874977298031 9.25831972622e-05 8.56307676687e-06 2.70788263622e-07
0.574358974359 0.859654664147 0.000127453622874 1.62281815577e-05 5.13180160051e-07
0.594871794872 0.0754431445062 0.00121144935144 0.00146614192157 4.63634784522e-05
0.615384615385 0.0446136899475 0.000712619508139 0.000507318736817 1.60428270802e-05
0.635897435897 0.0446987935254 0.000708269012234 0.000501143348697 1.58475441613e-05
0.65641025641 0.0371651530807 0.000601424039347 0.00036134916423 1.14268638956e-05
0.676923076923 0.033333826248 0.000575089922531 0.000330397690578 1.04480923589e-05
0.697435897436 0.0321072290444 0.000511058500261 0.000260919609899 8.25100253482e-06
0.717948717949 0.0308963077923 0.000509274039827 0.000259100687594 8.19348316112e-06
0.738461538462 0.0312510248457 0.000525852868264 0.000276244717822 8.73562499908e-06
0.758974358974 0.0267561600371 0.000458473621603 0.000209987863644 6.64039930109e-06
0.779487179487 0.0268957637464 0.000447722624435 0.000200255092882 6.33262206556e-06
0.8 0.0256561597526 0.000399356355969 0.000159326013553 5.03833093344e-06
