0.0 1.0 3.50379772309e-18 1.22643218859e-32 3.87831911168e-34
0.0205128205128 0.999182265422 7.48485574064e-07 5.59670423928e-10 1.76983327864e-11
0.0410256410256 0.99670711135 2.80664789653e-06 7.86939514269e-09 2.48852124588e-10
0.0615384615385 0.99260866784 5.85122167745e-06 3.42025583235e-08 1.08157986107e-09
0.0820512820513 0.98687605656 1.07898251982e-05 1.16303907479e-07 3.67785248413e-09
0.102564102564 0.979534394482 1.61018274113e-05 2.59009577136e-07 8.19060199546e-09
0.123076923077 0.970569818566 2.26299873718e-05 5.11604212118e-07 1.61783457083e-08
0.14358974359 0.960156593314 3.04187925999e-05 9.2437764029e-07 2.92313876145e-08
0.164102564103 0.948094598855 4.2946785647e-05 1.84258197101e-06 5.82675580396e-08
0.184615384615 0.934585402245 5.00277779845e-05 2.5002757915e-06 7.90656627971e-08
0.205128205128 0.91944223881 6.24651222607e-05 3.89798960754e-06 1.23265254555e-07
0.225641025641 0.903073796429 7.35331237769e-05 5.40171317209e-06 1.70817168907e-07
0.246153846154 0.885479310061 8.59455110348e-05 7.37924423617e-06 2.3335219197e-07
0.266666666667 0.866363122686 9.91706136613e-05 9.82497580335e-06 3.10693014946e-07
0.287179487179 0.846022295798 0.000113122584194 1.27839223357e-05 4.04263120116e-07
0.307692307692 0.824433869367 0.000129317405621 1.67062684052e-05 5.28298593624e-07
0.328205128205 0.801550652792 0.000145527044668 2.11569426091e-05 6.69041269703e-07
0.348717948718 0.777508779369 0.000172430420172 2.97025175509e-05 9.39276077021e-07
0.369230769231 0.752920445102 0.000180733106975 3.26317915007e-05 1.03190785274e-06
0.389743589744 0.726413469987 0.000198637145613 3.94172589015e-05 1.24648317249e-06
0.410256410256 0.699302108149 0.000220692010308 4.86562584502e-05 1.53864599125e-06
0.430769230769 0.671422939802 0.000247178085635 6.10359090119e-05 1.93012491537e-06
0.451282051282 0.642204896714 0.000261603983092 6.83682073254e-05 2.16199254691e-06
0.471794871795 0.611682989846 0.000278355871104 7.74045089868e-05 2.44774549565e-06
0.492307692308 0.579821558743 0.000310082921456 9.60552667607e-05 3.03753424219e-06
0.512820512821 0.546438809082 0.000314554802411 9.8845778996e-05 3.12577798721e-06
0.533333333333 0.511422221172 0.000372645531729 0.000138725827626 4.38689585589e-06
0.553846153846 0.472781664881 0.00039752435949 0.000157867590771 4.9922115556e-06
0.574358974359 0.431219734057 0.000425737256779 0.000181070959598 5.72596650441e-06
0.594871794872 0.383467713237 0.000498869475 0.000248621882334 7.86211424333e-06
0.615384615385 0.329887662467 0.000557872227205 0.000310910200465 9.83184381249e-06
0.635897435897 0.251989727727 0.000808484952919 0.000652994271177 2.06494919596e-05
0.65641025641 0.159027651467 0.00115210496133 0.00132601849609 4.19323866715e-05
0.676923076923 0.0647604416199 0.00107362777314 0.00115152391867 3.64143836317e-05
0.697435897436 0.041725152779 0.000662776321777 0.000438833180255 1.38771236246e-05
0.717948717949 0.0351494680864 0.000560795982919 0.000314177642323 9.93516939644e-06
0.738461538462 0.0301217449063 0.00047681089006 0.000227121276255 7.1822053805e-06
0.758974358974 0.0274882971142 0.000435607546981 0.000189564181051 5.99454574907e-06
0.779487179487 0.0248020651714 0.000404732713936 0.00016364476116 5.1749017242e-06
0.8 0.0230180382009 0.000388879568454 0.000151076091442 4.77744548954e-06
