0.000000000000000000e+00 9.999999928168453733e-01 1.430512733724581606e-08 5.000000000000000000e+02
2.564102564102564014e-02 9.998052785179031288e-01 5.515709607539841407e-06 5.000000000000000000e+02
5.128205128205128027e-02 9.992198940568507437e-01 2.035062048816220026e-05 5.000000000000000000e+02
7.692307692307692735e-02 9.982353982346914290e-01 4.538994961183865517e-05 5.000000000000000000e+02
1.025641025641025605e-01 9.968499695091732615e-01 7.693361498227351046e-05 5.000000000000000000e+02
1.282051282051281937e-01 9.950471137601341054e-01 1.178497662146882845e-04 5.000000000000000000e+02
1.538461538461538547e-01 9.928263111915069938e-01 1.691053616357422002e-04 5.000000000000000000e+02
1.794871794871794879e-01 9.901791811496939433e-01 2.243351137308863209e-04 5.000000000000000000e+02
2.051282051282051211e-01 9.870395032969572213e-01 3.056889697197291353e-04 5.000000000000000000e+02
2.307692307692307543e-01 9.834984254248771984e-01 3.825337143194841019e-04 5.000000000000000000e+02
2.564102564102563875e-01 9.794470482674950684e-01 4.590957863775340752e-04 5.000000000000000000e+02
2.820512820512820484e-01 9.748528767543129803e-01 6.094779352026336288e-04 5.000000000000000000e+02
3.076923076923077094e-01 9.696965484753177211e-01 7.124091805794466889e-04 5.000000000000000000e+02
3.333333333333333148e-01 9.639843221594879275e-01 8.434306519011991942e-04 5.000000000000000000e+02
3.589743589743589758e-01 9.575973884330977182e-01 9.583971378287683019e-04 5.000000000000000000e+02
3.846153846153845812e-01 9.505156639951908293e-01 1.152458717210116468e-03 5.000000000000000000e+02
4.102564102564102422e-01 9.425458710907969051e-01 1.296304493221171012e-03 5.000000000000000000e+02
4.358974358974359031e-01 9.334550628319973065e-01 1.439873248555684432e-03 5.000000000000000000e+02
4.615384615384615086e-01 9.236158926895130516e-01 1.762641276387935012e-03 5.000000000000000000e+02
4.871794871794871695e-01 9.127595614257595358e-01 2.121959008202884637e-03 5.000000000000000000e+02
5.128205128205127750e-01 9.000204542288516851e-01 2.361080281819747002e-03 5.000000000000000000e+02
5.384615384615384359e-01 8.849835698314061361e-01 2.677344918727240456e-03 5.000000000000000000e+02
5.500000000000000444e-01 8.778597468382031144e-01 2.866368920282778149e-03 5.000000000000000000e+02
5.552631578947369029e-01 8.736454640648759762e-01 2.963468606281377017e-03 5.000000000000000000e+02
5.605263157894737613e-01 8.702795561013213499e-01 3.285099887592786254e-03 5.000000000000000000e+02
5.641025641025640969e-01 8.674390240168849964e-01 3.224187938843421728e-03 5.000000000000000000e+02
5.657894736842106198e-01 8.663975989834130642e-01 3.097839584255172689e-03 5.000000000000000000e+02
5.710526315789473673e-01 8.617869777029174561e-01 3.201547109193520878e-03 5.000000000000000000e+02
5.763157894736842257e-01 8.560674559010835738e-01 1.885271221915343909e-02 5.000000000000000000e+02
5.815789473684210842e-01 5.949347450559814288e-01 3.461951879362268891e-01 5.000000000000000000e+02
5.868421052631579427e-01 1.150463107861282031e-01 3.971637144553488707e-02 5.000000000000000000e+02
5.897435897435897578e-01 9.353843801515353273e-02 5.958707853775414842e-02 5.000000000000000000e+02
5.921052631578948011e-01 6.953606125328454235e-02 3.985576087198260120e-02 5.000000000000000000e+02
5.973684210526316596e-01 7.729272016750002305e-02 4.204656320283588905e-02 5.000000000000000000e+02
6.026315789473684070e-01 5.436292387698987705e-02 2.740068981576686269e-02 5.000000000000000000e+02
6.078947368421052655e-01 5.114362693742895150e-02 2.608122055849308382e-02 5.000000000000000000e+02
6.131578947368421240e-01 5.650063460585245251e-02 2.862253266894525944e-02 5.000000000000000000e+02
6.153846153846154188e-01 4.995004294558212654e-02 2.507303528743207166e-02 5.000000000000000000e+02
6.184210526315789824e-01 4.869858969108657037e-02 2.392956779666706099e-02 5.000000000000000000e+02
6.236842105263158409e-01 4.509921014636682907e-02 2.564482895373031840e-02 5.000000000000000000e+02
6.289473684210526994e-01 4.637565502046540195e-02 2.228376162167488433e-02 5.000000000000000000e+02
6.342105263157895578e-01 4.204940035671488746e-02 2.173284812276626496e-02 5.000000000000000000e+02
6.394736842105263053e-01 3.996858405605627218e-02 1.804955379827605233e-02 5.000000000000000000e+02
6.410256410256409687e-01 3.743077736676746897e-02 1.952991294087264712e-02 5.000000000000000000e+02
6.447368421052631637e-01 3.581085559660990986e-02 1.917318768558470485e-02 5.000000000000000000e+02
6.500000000000000222e-01 3.878899819694959367e-02 1.879299737911446083e-02 5.000000000000000000e+02
6.666666666666666297e-01 3.227665862559375709e-02 1.809403600185610986e-02 5.000000000000000000e+02
6.923076923076922906e-01 3.304478551951458426e-02 1.832671233786173359e-02 5.000000000000000000e+02
7.179487179487179516e-01 3.225799209966109804e-02 1.580562259965131652e-02 5.000000000000000000e+02
7.435897435897436125e-01 2.825605106086768320e-02 1.599210494608934233e-02 5.000000000000000000e+02
7.692307692307691624e-01 2.647632891874731817e-02 1.504013334237306286e-02 5.000000000000000000e+02
7.948717948717948234e-01 2.479957239042810194e-02 1.312378031221204076e-02 5.000000000000000000e+02
8.205128205128204844e-01 2.586618544964428695e-02 1.286044525290378458e-02 5.000000000000000000e+02
8.461538461538461453e-01 2.525060440893206817e-02 1.324659052149347767e-02 5.000000000000000000e+02
8.717948717948718063e-01 2.425286406341994883e-02 1.264434612114481715e-02 5.000000000000000000e+02
8.974358974358973562e-01 2.271203737158274810e-02 1.139301776128695196e-02 5.000000000000000000e+02
9.230769230769230171e-01 2.251514010654754802e-02 1.142538460033301444e-02 5.000000000000000000e+02
9.487179487179486781e-01 2.357964167240341954e-02 1.213692479661425752e-02 5.000000000000000000e+02
9.743589743589743390e-01 2.308919207417709993e-02 1.168217720636144374e-02 5.000000000000000000e+02
1.000000000000000000e+00 2.193659614143851980e-02 1.157400227470768185e-02 5.000000000000000000e+02
